Titel,Genre,Jahr,Likes,Trailer
The Maze Runner,Action,2014,401481,https://www.youtube.com/watch?v=AwwbhhjQ9Xk
The Platform,Thriller,2019,76190,https://www.youtube.com/watch?v=RlfooqeZcdY
